BASE = [13, 24, 24, 9, 30, 31, 10, 22, 17, 31, 13, 27, 16, 28, 31, 8]
POS 00  [13, 23, 19, 29, 14, 11, 18, 29, 14, 24, 5, 15, 0, 11, 4, 15]
POS 01  [9, 23, 19, 29, 14, 11, 18, 29, 14, 24, 5, 15, 0, 11, 4, 15]
POS 02  [2, 19, 19, 29, 14, 11, 18, 29, 14, 24, 5, 15, 0, 11, 4, 15]
POS 03  [30, 15, 15, 29, 14, 11, 18, 29, 14, 24, 5, 15, 0, 11, 4, 15]
POS 04  [29, 8, 8, 25, 14, 11, 18, 29, 14, 24, 5, 15, 0, 11, 4, 15]
POS 05  [25, 4, 4, 21, 10, 11, 18, 29, 14, 24, 5, 15, 0, 11, 4, 15]
POS 06  [21, 0, 0, 14, 6, 7, 18, 29, 14, 24, 5, 15, 0, 11, 4, 15]
POS 07  [14, 31, 31, 10, 5, 3, 17, 29, 14, 24, 5, 15, 0, 11, 4, 15]
POS 08  [10, 27, 27, 6, 1, 28, 13, 25, 14, 24, 5, 15, 0, 11, 4, 15]
POS 09  [6, 20, 20, 5, 26, 24, 9, 21, 10, 24, 5, 15, 0, 11, 4, 15]
POS 10  [5, 16, 16, 1, 22, 23, 2, 14, 6, 23, 5, 15, 0, 11, 4, 15]
POS 11  [1, 12, 12, 26, 18, 19, 30, 10, 5, 19, 1, 15, 0, 11, 4, 15]
POS 12  [26, 11, 11, 22, 17, 15, 29, 6, 1, 15, 26, 8, 0, 11, 4, 15]
POS 13  [22, 7, 7, 18, 13, 8, 25, 5, 26, 8, 22, 4, 31, 11, 4, 15]
POS 14  [18, 3, 3, 17, 9, 4, 21, 1, 22, 4, 18, 0, 27, 7, 4, 15]
POS 15  [17, 28, 28, 13, 2, 0, 14, 26, 18, 0, 17, 31, 20, 3, 0, 15]
