stage=0
  in = [0, 1, 2, 3, 4, 5, 6, 7]
  out= [0, 1, 2, 3, 4, 5, 6, 7]

stage=0
  in = [10, 20, 30, 40, 50, 60, 70, 80]
  out= [10, 20, 30, 40, 50, 60, 70, 80]

stage=0
  in = [255, 254, 253, 252, 251, 250, 249, 248]
  out= [255, 254, 253, 252, 251, 250, 249, 248]

stage=0
  in = [-1, 0, 1, 127, 128, 129, 254, 255]
  out= [-1, 0, 1, 127, 128, 129, 254, 255]

stage=0
  in = [1, 2, 4, 8, 16, 32, 64, 128]
  out= [1, 2, 4, 8, 16, 32, 64, 128]

stage=1
  in = [0, 1, 2, 3, 4, 5, 6, 7]
  out= [7, 6, 5, 4, 3, 2, 1, 0]

stage=1
  in = [10, 20, 30, 40, 50, 60, 70, 80]
  out= [80, 70, 60, 50, 40, 30, 20, 10]

stage=1
  in = [255, 254, 253, 252, 251, 250, 249, 248]
  out= [248, 249, 250, 251, 252, 253, 254, 255]

stage=1
  in = [-1, 0, 1, 127, 128, 129, 254, 255]
  out= [255, 254, 129, 128, 127, 1, 0, -1]

stage=1
  in = [1, 2, 4, 8, 16, 32, 64, 128]
  out= [128, 64, 32, 16, 8, 4, 2, 1]

stage=2
  in = [0, 1, 2, 3, 4, 5, 6, 7]
  out= [31, 30, 29, 28, 27, 26, 25, 24]

stage=2
  in = [10, 20, 30, 40, 50, 60, 70, 80]
  out= [21, 11, 1, 55, 45, 35, 89, 79]

stage=2
  in = [255, 254, 253, 252, 251, 250, 249, 248]
  out= [224, 225, 226, 227, 228, 229, 230, 231]

stage=2
  in = [-1, 0, 1, 127, 128, 129, 254, 255]
  out= [-32, 31, 30, 96, 159, 158, 225, 224]

stage=2
  in = [1, 2, 4, 8, 16, 32, 64, 128]
  out= [30, 29, 27, 23, 15, 63, 95, 159]

stage=3
  in = [0, 1, 2, 3, 4, 5, 6, 7]
  out= [0, 2, 4, 6, 8, 10, 12, 14]

stage=3
  in = [10, 20, 30, 40, 50, 60, 70, 80]
  out= [20, 9, 29, 18, 7, 27, 12, 5]

stage=3
  in = [255, 254, 253, 252, 251, 250, 249, 248]
  out= [31, 31, 31, 31, 31, 31, 31, 31]

stage=3
  in = [-1, 0, 1, 127, 128, 129, 254, 255]
  out= [31, 0, 2, 31, 8, 10, 31, 31]

stage=3
  in = [1, 2, 4, 8, 16, 32, 64, 128]
  out= [2, 4, 8, 16, 1, 2, 4, 8]

stage=4
  in = [0, 1, 2, 3, 4, 5, 6, 7]
  out= [0, 2, 4, 6, 8, 10, 12, 14]

stage=4
  in = [10, 20, 30, 40, 50, 60, 70, 80]
  out= [10, 21, 0, 11, 22, 1, 12, 23]

stage=4
  in = [255, 254, 253, 252, 251, 250, 249, 248]
  out= [31, 31, 31, 31, 31, 31, 31, 31]

stage=4
  in = [-1, 0, 1, 127, 128, 129, 254, 255]
  out= [31, 1, 3, 2, 4, 6, 4, 6]

stage=4
  in = [1, 2, 4, 8, 16, 32, 64, 128]
  out= [1, 3, 6, 11, 20, 5, 6, 7]

stage=5
  in = [0, 1, 2, 3, 4, 5, 6, 7]
  out= [0, 3, 6, 9, 12, 15, 18, 21]

stage=5
  in = [10, 20, 30, 40, 50, 60, 70, 80]
  out= [30, 28, 26, 24, 22, 20, 18, 16]

stage=5
  in = [255, 254, 253, 252, 251, 250, 249, 248]
  out= [29, 26, 23, 20, 17, 14, 11, 8]

stage=5
  in = [-1, 0, 1, 127, 128, 129, 254, 255]
  out= [29, 0, 3, 29, 0, 3, 26, 29]

stage=5
  in = [1, 2, 4, 8, 16, 32, 64, 128]
  out= [3, 6, 12, 24, 16, 0, 0, 0]

stage=6
  in = [0, 1, 2, 3, 4, 5, 6, 7]
  out= [0, 1, 3, 6, 10, 15, 21, 28]

stage=6
  in = [10, 20, 30, 40, 50, 60, 70, 80]
  out= [10, 30, 28, 4, 22, 18, 24, 8]

stage=6
  in = [255, 254, 253, 252, 251, 250, 249, 248]
  out= [31, 29, 26, 22, 17, 11, 4, 28]

stage=6
  in = [-1, 0, 1, 127, 128, 129, 254, 255]
  out= [31, 31, 0, 31, 31, 0, 30, 29]

stage=6
  in = [1, 2, 4, 8, 16, 32, 64, 128]
  out= [1, 3, 7, 15, 31, 31, 31, 31]

