======== mode 0 ========
in=[] -> len=0 out=[]
in=[0] -> len=0 out=[]
in=[1] -> len=0 out=[]
in=[31] -> len=0 out=[]
in=[32] -> len=0 out=[]
in=[63] -> len=0 out=[]
in=[64] -> len=0 out=[]
in=[-1] -> len=0 out=[]
in=[0, 1, 2, 3, 4, 5, 6, 7] -> len=0 out=[]
in=[31, 31, 31, 31, 31, 31, 31, 31] -> len=0 out=[]
in=[1, 2, 4, 8, 16, 32, 64, 127, -128] -> len=0 out=[]
======== mode 1 ========
in=[] -> len=1 out=[0]
in=[0] -> len=1 out=[0]
in=[1] -> len=1 out=[0]
in=[31] -> len=1 out=[3]
in=[32] -> len=1 out=[4]
in=[63] -> len=1 out=[7]
in=[64] -> len=1 out=[8]
in=[-1] -> len=1 out=[31]
in=[0, 1, 2, 3, 4, 5, 6, 7] -> len=1 out=[0]
in=[31, 31, 31, 31, 31, 31, 31, 31] -> len=1 out=[3]
in=[1, 2, 4, 8, 16, 32, 64, 127, -128] -> len=1 out=[0]
======== mode 2 ========
in=[] -> len=2 out=[0, 0]
in=[0] -> len=2 out=[0, 0]
in=[1] -> len=2 out=[0, 0]
in=[31] -> len=2 out=[3, 0]
in=[32] -> len=2 out=[4, 0]
in=[63] -> len=2 out=[7, 0]
in=[64] -> len=2 out=[8, 0]
in=[-1] -> len=2 out=[31, 0]
in=[0, 1, 2, 3, 4, 5, 6, 7] -> len=2 out=[0, 0]
in=[31, 31, 31, 31, 31, 31, 31, 31] -> len=2 out=[3, 28]
in=[1, 2, 4, 8, 16, 32, 64, 127, -128] -> len=2 out=[0, 4]
======== mode 7 ========
in=[] -> len=7 out=[0, 0, 0, 0, 0, 0, 0]
in=[0] -> len=7 out=[0, 0, 0, 0, 0, 0, 0]
in=[1] -> len=7 out=[0, 0, 0, 0, 0, 0, 0]
in=[31] -> len=7 out=[3, 0, 0, 0, 0, 0, 0]
in=[32] -> len=7 out=[4, 0, 0, 0, 0, 0, 0]
in=[63] -> len=7 out=[7, 0, 0, 0, 0, 0, 0]
in=[64] -> len=7 out=[8, 0, 0, 0, 0, 0, 0]
in=[-1] -> len=7 out=[31, 0, 0, 0, 0, 0, 0]
in=[0, 1, 2, 3, 4, 5, 6, 7] -> len=7 out=[0, 0, 0, 16, 4, 0, 24]
in=[31, 31, 31, 31, 31, 31, 31, 31] -> len=7 out=[3, 28, 15, 17, 30, 7, 24]
in=[1, 2, 4, 8, 16, 32, 64, 127, -128] -> len=7 out=[0, 4, 1, 0, 8, 2, 0]
======== mode 8 ========
in=[] -> len=8 out=[0, 0, 0, 0, 0, 0, 0, 0]
in=[0] -> len=8 out=[0, 0, 0, 0, 0, 0, 0, 0]
in=[1] -> len=8 out=[0, 0, 0, 0, 0, 0, 0, 0]
in=[31] -> len=8 out=[3, 0, 0, 0, 0, 0, 0, 0]
in=[32] -> len=8 out=[4, 0, 0, 0, 0, 0, 0, 0]
in=[63] -> len=8 out=[7, 0, 0, 0, 0, 0, 0, 0]
in=[64] -> len=8 out=[8, 0, 0, 0, 0, 0, 0, 0]
in=[-1] -> len=8 out=[31, 0, 0, 0, 0, 0, 0, 0]
in=[0, 1, 2, 3, 4, 5, 6, 7] -> len=8 out=[0, 0, 0, 16, 4, 0, 24, 4]
in=[31, 31, 31, 31, 31, 31, 31, 31] -> len=8 out=[3, 28, 15, 17, 30, 7, 24, 31]
in=[1, 2, 4, 8, 16, 32, 64, 127, -128] -> len=8 out=[0, 4, 1, 0, 8, 2, 0, 16]
======== mode 16 ========
in=[] -> len=16 out=[0, 0, 0, 0, 0, 0, 0, 0, 0, 0, 0, 0, 0, 0, 0, 0]
in=[0] -> len=16 out=[0, 0, 0, 0, 0, 0, 0, 0, 0, 0, 0, 0, 0, 0, 0, 0]
in=[1] -> len=16 out=[0, 0, 0, 0, 0, 0, 0, 0, 0, 0, 0, 0, 0, 0, 0, 0]
in=[31] -> len=16 out=[3, 0, 0, 0, 0, 0, 0, 0, 0, 0, 0, 0, 0, 0, 0, 0]
in=[32] -> len=16 out=[4, 0, 0, 0, 0, 0, 0, 0, 0, 0, 0, 0, 0, 0, 0, 0]
in=[63] -> len=16 out=[7, 0, 0, 0, 0, 0, 0, 0, 0, 0, 0, 0, 0, 0, 0, 0]
in=[64] -> len=16 out=[8, 0, 0, 0, 0, 0, 0, 0, 0, 0, 0, 0, 0, 0, 0, 0]
in=[-1] -> len=16 out=[31, 0, 0, 0, 0, 0, 0, 0, 0, 0, 0, 0, 0, 0, 0, 0]
in=[0, 1, 2, 3, 4, 5, 6, 7] -> len=16 out=[0, 0, 0, 16, 4, 0, 24, 4, 0, 20, 3, 0, 0, 0, 0, 0]
in=[31, 31, 31, 31, 31, 31, 31, 31] -> len=16 out=[3, 28, 15, 17, 30, 7, 24, 31, 3, 28, 15, 17, 0, 0, 0, 0]
in=[1, 2, 4, 8, 16, 32, 64, 127, -128] -> len=16 out=[0, 4, 1, 0, 8, 2, 0, 16, 4, 1, 0, 7, 31, 0, 0, 0]
======== mode 23 ========
in=[] -> len=23 out=[0, 0, 0, 0, 0, 0, 0, 0, 0, 0, 0, 0, 0, 0, 0, 0, 0, 0, 0, 0, 0, 0, 0]
in=[0] -> len=23 out=[0, 0, 0, 0, 0, 0, 0, 0, 0, 0, 0, 0, 0, 0, 0, 0, 0, 0, 0, 0, 0, 0, 0]
in=[1] -> len=23 out=[0, 0, 0, 0, 0, 0, 0, 0, 0, 0, 0, 0, 0, 0, 0, 0, 0, 0, 0, 0, 0, 0, 0]
in=[31] -> len=23 out=[3, 0, 0, 0, 0, 0, 0, 0, 0, 0, 0, 0, 0, 0, 0, 0, 0, 0, 0, 0, 0, 0, 0]
in=[32] -> len=23 out=[4, 0, 0, 0, 0, 0, 0, 0, 0, 0, 0, 0, 0, 0, 0, 0, 0, 0, 0, 0, 0, 0, 0]
in=[63] -> len=23 out=[7, 0, 0, 0, 0, 0, 0, 0, 0, 0, 0, 0, 0, 0, 0, 0, 0, 0, 0, 0, 0, 0, 0]
in=[64] -> len=23 out=[8, 0, 0, 0, 0, 0, 0, 0, 0, 0, 0, 0, 0, 0, 0, 0, 0, 0, 0, 0, 0, 0, 0]
in=[-1] -> len=23 out=[31, 0, 0, 0, 0, 0, 0, 0, 0, 0, 0, 0, 0, 0, 0, 0, 0, 0, 0, 0, 0, 0, 0]
in=[0, 1, 2, 3, 4, 5, 6, 7] -> len=23 out=[0, 0, 0, 16, 4, 0, 24, 4, 0, 20, 3, 0, 0, 0, 0, 0, 0, 0, 0, 0, 0, 0, 0]
in=[31, 31, 31, 31, 31, 31, 31, 31] -> len=23 out=[3, 28, 15, 17, 30, 7, 24, 31, 3, 28, 15, 17, 0, 0, 0, 0, 0, 0, 0, 0, 0, 0, 0]
in=[1, 2, 4, 8, 16, 32, 64, 127, -128] -> len=23 out=[0, 4, 1, 0, 8, 2, 0, 16, 4, 1, 0, 7, 31, 0, 0, 0, 0, 0, 0, 0, 0, 0, 0]
======== mode 31 ========
in=[] -> len=31 out=[0, 0, 0, 0, 0, 0, 0, 0, 0, 0, 0, 0, 0, 0, 0, 0, 0, 0, 0, 0, 0, 0, 0, 0, 0, 0, 0, 0, 0, 0, 0]
in=[0] -> len=31 out=[0, 0, 0, 0, 0, 0, 0, 0, 0, 0, 0, 0, 0, 0, 0, 0, 0, 0, 0, 0, 0, 0, 0, 0, 0, 0, 0, 0, 0, 0, 0]
in=[1] -> len=31 out=[0, 0, 0, 0, 0, 0, 0, 0, 0, 0, 0, 0, 0, 0, 0, 0, 0, 0, 0, 0, 0, 0, 0, 0, 0, 0, 0, 0, 0, 0, 0]
in=[31] -> len=31 out=[3, 0, 0, 0, 0, 0, 0, 0, 0, 0, 0, 0, 0, 0, 0, 0, 0, 0, 0, 0, 0, 0, 0, 0, 0, 0, 0, 0, 0, 0, 0]
in=[32] -> len=31 out=[4, 0, 0, 0, 0, 0, 0, 0, 0, 0, 0, 0, 0, 0, 0, 0, 0, 0, 0, 0, 0, 0, 0, 0, 0, 0, 0, 0, 0, 0, 0]
in=[63] -> len=31 out=[7, 0, 0, 0, 0, 0, 0, 0, 0, 0, 0, 0, 0, 0, 0, 0, 0, 0, 0, 0, 0, 0, 0, 0, 0, 0, 0, 0, 0, 0, 0]
in=[64] -> len=31 out=[8, 0, 0, 0, 0, 0, 0, 0, 0, 0, 0, 0, 0, 0, 0, 0, 0, 0, 0, 0, 0, 0, 0, 0, 0, 0, 0, 0, 0, 0, 0]
in=[-1] -> len=31 out=[31, 0, 0, 0, 0, 0, 0, 0, 0, 0, 0, 0, 0, 0, 0, 0, 0, 0, 0, 0, 0, 0, 0, 0, 0, 0, 0, 0, 0, 0, 0]
in=[0, 1, 2, 3, 4, 5, 6, 7] -> len=31 out=[0, 0, 0, 16, 4, 0, 24, 4, 0, 20, 3, 0, 0, 0, 0, 0, 0, 0, 0, 0, 0, 0, 0, 0, 0, 0, 0, 0, 0, 0, 0]
in=[31, 31, 31, 31, 31, 31, 31, 31] -> len=31 out=[3, 28, 15, 17, 30, 7, 24, 31, 3, 28, 15, 17, 0, 0, 0, 0, 0, 0, 0, 0, 0, 0, 0, 0, 0, 0, 0, 0, 0, 0, 0]
in=[1, 2, 4, 8, 16, 32, 64, 127, -128] -> len=31 out=[0, 4, 1, 0, 8, 2, 0, 16, 4, 1, 0, 7, 31, 0, 0, 0, 0, 0, 0, 0, 0, 0, 0, 0, 0, 0, 0, 0, 0, 0, 0]
======== mode 32 ========
in=[] -> len=32 out=[0, 0, 0, 0, 0, 0, 0, 0, 0, 0, 0, 0, 0, 0, 0, 0, 0, 0, 0, 0, 0, 0, 0, 0, 0, 0, 0, 0, 0, 0, 0, 0]
in=[0] -> len=32 out=[0, 0, 0, 0, 0, 0, 0, 0, 0, 0, 0, 0, 0, 0, 0, 0, 0, 0, 0, 0, 0, 0, 0, 0, 0, 0, 0, 0, 0, 0, 0, 0]
in=[1] -> len=32 out=[0, 0, 0, 0, 0, 0, 0, 0, 0, 0, 0, 0, 0, 0, 0, 0, 0, 0, 0, 0, 0, 0, 0, 0, 0, 0, 0, 0, 0, 0, 0, 0]
in=[31] -> len=32 out=[3, 0, 0, 0, 0, 0, 0, 0, 0, 0, 0, 0, 0, 0, 0, 0, 0, 0, 0, 0, 0, 0, 0, 0, 0, 0, 0, 0, 0, 0, 0, 0]
in=[32] -> len=32 out=[4, 0, 0, 0, 0, 0, 0, 0, 0, 0, 0, 0, 0, 0, 0, 0, 0, 0, 0, 0, 0, 0, 0, 0, 0, 0, 0, 0, 0, 0, 0, 0]
in=[63] -> len=32 out=[7, 0, 0, 0, 0, 0, 0, 0, 0, 0, 0, 0, 0, 0, 0, 0, 0, 0, 0, 0, 0, 0, 0, 0, 0, 0, 0, 0, 0, 0, 0, 0]
in=[64] -> len=32 out=[8, 0, 0, 0, 0, 0, 0, 0, 0, 0, 0, 0, 0, 0, 0, 0, 0, 0, 0, 0, 0, 0, 0, 0, 0, 0, 0, 0, 0, 0, 0, 0]
in=[-1] -> len=32 out=[31, 0, 0, 0, 0, 0, 0, 0, 0, 0, 0, 0, 0, 0, 0, 0, 0, 0, 0, 0, 0, 0, 0, 0, 0, 0, 0, 0, 0, 0, 0, 0]
in=[0, 1, 2, 3, 4, 5, 6, 7] -> len=32 out=[0, 0, 0, 16, 4, 0, 24, 4, 0, 20, 3, 0, 0, 0, 0, 0, 0, 0, 0, 0, 0, 0, 0, 0, 0, 0, 0, 0, 0, 0, 0, 0]
in=[31, 31, 31, 31, 31, 31, 31, 31] -> len=32 out=[3, 28, 15, 17, 30, 7, 24, 31, 3, 28, 15, 17, 0, 0, 0, 0, 0, 0, 0, 0, 0, 0, 0, 0, 0, 0, 0, 0, 0, 0, 0, 0]
in=[1, 2, 4, 8, 16, 32, 64, 127, -128] -> len=32 out=[0, 4, 1, 0, 8, 2, 0, 16, 4, 1, 0, 7, 31, 0, 0, 0, 0, 0, 0, 0, 0, 0, 0, 0, 0, 0, 0, 0, 0, 0, 0, 0]
