=== ZERO THROUGH EXACT VERIFIER SCHEDULE ===
START    [0, 0, 0, 0, 0, 0, 0, 0, 0, 0, 0, 0, 0, 0, 0, 0]
01 R4    [0, 1, 2, 3, 4, 5, 6, 7, 8, 9, 10, 11, 12, 13, 14, 15]
02 R2    [31, 30, 29, 28, 27, 26, 25, 24, 23, 22, 21, 20, 19, 18, 17, 16]
03 R6    [31, 29, 26, 22, 17, 11, 4, 28, 19, 9, 30, 18, 5, 23, 8, 24]
04 R3    [31, 27, 21, 13, 3, 22, 8, 25, 7, 18, 29, 5, 10, 15, 16, 17]
05 R5    [29, 17, 31, 7, 9, 2, 24, 11, 21, 22, 23, 15, 30, 13, 16, 19]
06 R0    [29, 17, 31, 7, 9, 2, 24, 11, 21, 22, 23, 15, 30, 13, 16, 19]
07 R1    [19, 16, 13, 30, 15, 23, 22, 21, 11, 24, 2, 9, 7, 31, 17, 29]
08 R4    [19, 17, 15, 1, 19, 28, 28, 28, 19, 1, 12, 20, 19, 12, 31, 12]
09 R2    [12, 14, 16, 30, 12, 3, 3, 3, 12, 30, 19, 11, 12, 19, 0, 19]
10 R6    [12, 26, 10, 8, 20, 23, 26, 29, 9, 7, 26, 5, 17, 4, 4, 23]
11 R3    [24, 21, 20, 16, 9, 15, 21, 27, 18, 14, 21, 10, 3, 8, 8, 15]
12 R5    [8, 31, 28, 16, 27, 13, 31, 17, 22, 10, 31, 30, 9, 24, 24, 13]
13 R0    [8, 31, 28, 16, 27, 13, 31, 17, 22, 10, 31, 30, 9, 24, 24, 13]
14 R1    [13, 24, 24, 9, 30, 31, 10, 22, 17, 31, 13, 27, 16, 28, 31, 8]

TARGET = [28, 4, 4, 3, 27, 9, 3, 1, 7, 1, 19, 11, 24, 21, 27, 1]

=== TARGET BACKWARDS, ONE ROUND AT A TIME ===
START    [28, 4, 4, 3, 27, 9, 3, 1, 7, 1, 19, 11, 24, 21, 27, 1]
01 INVERT R1
state = [28, 4, 4, 3, 27, 9, 3, 1, 7, 1, 19, 11, 24, 21, 27, 1]
02 INVERT R0
state = [28, 4, 4, 3, 27, 9, 3, 1, 7, 1, 19, 11, 24, 21, 27, 1]
03 INVERT R5
state = [28, 4, 4, 3, 27, 9, 3, 1, 7, 1, 19, 11, 24, 21, 27, 1]
04 INVERT R3
state = [28, 4, 4, 3, 27, 9, 3, 1, 7, 1, 19, 11, 24, 21, 27, 1]
05 INVERT R6
state = [28, 4, 4, 3, 27, 9, 3, 1, 7, 1, 19, 11, 24, 21, 27, 1]
06 INVERT R2
state = [28, 4, 4, 3, 27, 9, 3, 1, 7, 1, 19, 11, 24, 21, 27, 1]
07 INVERT R4
state = [28, 4, 4, 3, 27, 9, 3, 1, 7, 1, 19, 11, 24, 21, 27, 1]
08 INVERT R1
state = [28, 4, 4, 3, 27, 9, 3, 1, 7, 1, 19, 11, 24, 21, 27, 1]
09 INVERT R0
state = [28, 4, 4, 3, 27, 9, 3, 1, 7, 1, 19, 11, 24, 21, 27, 1]
10 INVERT R5
state = [28, 4, 4, 3, 27, 9, 3, 1, 7, 1, 19, 11, 24, 21, 27, 1]
11 INVERT R3
state = [28, 4, 4, 3, 27, 9, 3, 1, 7, 1, 19, 11, 24, 21, 27, 1]
12 INVERT R6
state = [28, 4, 4, 3, 27, 9, 3, 1, 7, 1, 19, 11, 24, 21, 27, 1]
13 INVERT R2
state = [28, 4, 4, 3, 27, 9, 3, 1, 7, 1, 19, 11, 24, 21, 27, 1]
14 INVERT R4
state = [28, 4, 4, 3, 27, 9, 3, 1, 7, 1, 19, 11, 24, 21, 27, 1]

=== INDIVIDUAL ROUND TESTS ===
ROUND 0
in  = [0, 1, 2, 3, 4, 5, 6, 7, 8, 9, 10, 11, 12, 13, 14, 15]
out = [0, 1, 2, 3, 4, 5, 6, 7, 8, 9, 10, 11, 12, 13, 14, 15]
in  = [28, 4, 4, 3, 27, 9, 3, 1, 7, 1, 19, 11, 24, 21, 27, 1]
out = [28, 4, 4, 3, 27, 9, 3, 1, 7, 1, 19, 11, 24, 21, 27, 1]
ROUND 1
in  = [0, 1, 2, 3, 4, 5, 6, 7, 8, 9, 10, 11, 12, 13, 14, 15]
out = [15, 14, 13, 12, 11, 10, 9, 8, 7, 6, 5, 4, 3, 2, 1, 0]
in  = [28, 4, 4, 3, 27, 9, 3, 1, 7, 1, 19, 11, 24, 21, 27, 1]
out = [1, 27, 21, 24, 11, 19, 1, 7, 1, 3, 9, 27, 3, 4, 4, 28]
ROUND 2
in  = [0, 1, 2, 3, 4, 5, 6, 7, 8, 9, 10, 11, 12, 13, 14, 15]
out = [31, 30, 29, 28, 27, 26, 25, 24, 23, 22, 21, 20, 19, 18, 17, 16]
in  = [28, 4, 4, 3, 27, 9, 3, 1, 7, 1, 19, 11, 24, 21, 27, 1]
out = [3, 27, 27, 28, 4, 22, 28, 30, 24, 30, 12, 20, 7, 10, 4, 30]
ROUND 3
in  = [0, 1, 2, 3, 4, 5, 6, 7, 8, 9, 10, 11, 12, 13, 14, 15]
out = [0, 2, 4, 6, 8, 10, 12, 14, 16, 18, 20, 22, 24, 26, 28, 30]
in  = [28, 4, 4, 3, 27, 9, 3, 1, 7, 1, 19, 11, 24, 21, 27, 1]
out = [25, 8, 8, 6, 23, 18, 6, 2, 14, 2, 7, 22, 17, 11, 23, 2]
ROUND 4
in  = [0, 1, 2, 3, 4, 5, 6, 7, 8, 9, 10, 11, 12, 13, 14, 15]
out = [0, 2, 4, 6, 8, 10, 12, 14, 16, 18, 20, 22, 24, 26, 28, 30]
in  = [28, 4, 4, 3, 27, 9, 3, 1, 7, 1, 19, 11, 24, 21, 27, 1]
out = [28, 5, 6, 6, 31, 14, 9, 8, 15, 10, 29, 22, 4, 2, 9, 16]
ROUND 5
in  = [0, 1, 2, 3, 4, 5, 6, 7, 8, 9, 10, 11, 12, 13, 14, 15]
out = [0, 3, 6, 9, 12, 15, 18, 21, 24, 27, 30, 1, 4, 7, 10, 13]
in  = [28, 4, 4, 3, 27, 9, 3, 1, 7, 1, 19, 11, 24, 21, 27, 1]
out = [20, 12, 12, 9, 17, 27, 9, 3, 21, 3, 25, 1, 8, 31, 17, 3]
ROUND 6
in  = [0, 1, 2, 3, 4, 5, 6, 7, 8, 9, 10, 11, 12, 13, 14, 15]
out = [0, 1, 3, 6, 10, 15, 21, 28, 4, 13, 23, 2, 14, 27, 9, 24]
in  = [28, 4, 4, 3, 27, 9, 3, 1, 7, 1, 19, 11, 24, 21, 27, 1]
out = [28, 0, 4, 7, 2, 11, 14, 15, 22, 23, 10, 21, 13, 2, 29, 30]
